  tipo tiempo
1    1   7.92
2    0  13.86
 [1] 7699.723 7927.989 7927.989 8117.331 8424.865 8424.865 8424.865 8580.096
 [9] 8580.096 8580.096 8580.096 8634.694 8686.327 8686.327 8697.606 8700.552
[17] 8700.552 8933.617 8933.617 8933.617 9190.175 9190.175 9190.175 9190.175
[25] 9190.175 9206.094 9343.793 9343.793 9343.793 9343.793 9363.935 9363.935
[33] 9363.935 9363.935 9370.322 9370.322 9370.322 9400.940 9400.940 9438.878
[41] 9438.878 9438.878 9481.988 9481.988 9481.988 9498.885 9498.885 9498.885
[49] 9498.885 9498.885
